0 0 0
1 0 0
0 1 0
0 0 1
0.67069 0.06818 -0.7386
0.5848 0.5852 -0.56174
0.87566 0.28391 -0.39067
0.98763 0.15177 0.039455
0.82503 0.42464 0.37283
0.86721 -0.036323 0.49662
0.12806 -0.072823 0.98909
0.30353 0.34643 -0.88761
0.16125 0.74974 -0.64179
0.78288 0.61846 -0.067918
0.50284 0.81996 0.27352
0.13416 0.79089 0.59707
0.52442 0.52147 0.67309
0.153 0.37992 0.91228
0.74949 -0.6284 -0.20827
0.046611 0.98152 0.18561
0.55464 0.077572 0.82847
0.30575 -0.13792 -0.94207
0.2453 -0.57788 -0.77839
0.43355 -0.90025 0.039905
0.023246 -0.96453 0.26295
0.72016 -0.6204 0.31062
0.34535 -0.77101 0.53505
0.64636 -0.41706 -0.63897
0.42267 0.8835 -0.20194
0.91859 -0.18499 -0.34923
0.9459 -0.3037 0.11416
0.36276 -0.83348 -0.4168
0.60789 -0.36998 0.70256
0.17468 -0.48468 0.85707
