0.7204 0.0327 -0.69279
0.96082 -0.096009 -0.26002
0.80469 0.4504 -0.3868
0.02431 0.81047 -0.58527
0.68252 0.70507 0.19247
-0.090505 0.68114 0.72653
0.76583 0.26954 0.58383
0.13307 -0.80273 -0.58131
0.43113 0.53574 -0.72602
0.021223 0.99359 -0.11102
0.23202 0.91746 0.32318
0.4261 0.60996 0.66812
0.035098 -0.22547 0.97362
-0.086157 0.39684 -0.91383
-0.46233 0.5868 -0.66477
-0.44515 0.86182 -0.24312
-0.72442 0.67636 0.13325
0.48518 0.8356 -0.25762
0.94695 0.31405 0.068262
-0.29048 0.25498 0.92228
-0.82923 0.43928 -0.34555
-0.95857 0.24779 0.1405
-0.80613 0.047403 0.58984
-0.60788 0.51456 0.60475
-0.47804 -0.19753 0.85584
-0.21885 -0.097824 -0.97084
-0.9547 -0.25352 0.15583
-0.94074 -0.060071 -0.33377
-0.48255 -0.85938 0.16917
-0.78719 -0.59595 -0.15866
-0.70561 -0.52322 0.47786
-0.30506 0.89823 0.31643
-0.67791 -0.38449 -0.62659
0.27114 -0.61476 0.74064
-0.39629 -0.83562 -0.3804
-0.00076424 -0.99519 -0.097958
-0.030147 -0.91455 0.40335
-0.26758 -0.634 0.72557
0.27767 -0.40301 -0.87205
-0.63344 0.1138 -0.76538
0.49607 -0.82972 -0.2559
0.9431 -0.12712 0.30726
0.44515 -0.86182 0.24312
0.2998 0.078189 -0.95079
-0.24461 -0.55325 -0.79629
0.67865 -0.46708 -0.56681
0.70337 -0.51073 0.4944
0.8436 -0.53619 -0.029069
0.23395 0.24382 0.94118
0.56313 -0.1361 0.81508
