0.73644 0.64999 -0.18754
0.85601 0.20746 0.47351
0.63081 -0.52978 0.56694
0.34249 0.799 0.49426
-0.63081 0.52978 -0.56694
0.12081 0.71512 -0.68848
-0.2395 0.97052 -0.027039
-0.61033 -0.11456 0.78382
-0.85601 -0.20746 -0.47351
-0.94302 0.29329 0.15713
-0.40859 0.62655 0.66369
-0.12079 -0.7151 0.68851
-0.18315 -0.078884 -0.97991
-0.73644 -0.64999 0.18754
-0.34247 -0.79898 -0.49431
0.40859 -0.62655 -0.66369
0.94302 -0.29329 -0.15713
0.2395 -0.97052 0.027039
0.61033 0.11456 -0.78382
0.18315 0.078884 0.97991
