0.30823 -0.27958 -0.9093
0.6656 0.55097 -0.50339
0.97285 0.2314 0.0035674
0.28904 0.62098 0.72859
0.61046 -0.46591 0.64052
0.13036 0.88481 -0.44735
-0.53967 0.71378 0.4464
0.62355 0.76772 0.14758
-0.47549 0.8524 -0.21756
-0.2727 0.35397 0.89462
-0.63512 -0.67664 0.37254
-0.4248 0.4998 -0.75482
-0.90985 0.41107 -0.056519
0.02187 0.97211 0.23352
-0.81914 0.087611 0.56686
-0.6614 -0.63945 -0.39199
-0.82091 0.0092847 -0.57098
-0.96746 -0.25082 0.033389
0.0023489 -0.76408 0.64512
-0.38506 -0.3105 0.86909
-0.19413 -0.98078 -0.01958
-0.33148 -0.18307 -0.92553
-0.083072 -0.76734 -0.63583
0.81914 -0.087611 -0.56686
0.42253 -0.89392 0.14959
0.23734 -0.064612 0.96928
0.19339 0.35252 -0.91561
0.53967 -0.71378 -0.4464
0.77435 0.18006 0.6066
0.90985 -0.41107 0.056519
