0.2225 0.27804 -0.93445
0.79276 0.43911 -0.42274
0.76463 -0.48755 -0.42147
0.57005 -0.21 0.79432
0.43926 -0.7202 0.53699
0.065259 0.12108 0.9905
-0.23399 0.64399 -0.72838
-0.031676 0.97001 -0.24098
0.90736 -0.0061509 0.4203
0.84937 0.49168 0.19188
0.37946 0.82625 0.41633
-0.018979 0.64386 0.76491
-0.76663 -0.1533 -0.62352
0.51103 0.85321 -0.10436
-0.1878 0.93641 0.29642
-0.67378 0.65385 0.34424
0.33031 0.70552 -0.627
-0.47428 -0.18508 0.8607
0.98705 -0.024578 -0.15852
-0.56987 0.79583 -0.2047
-0.70258 0.38502 -0.59845
-0.96483 -0.2506 -0.079455
-0.94318 0.31883 -0.093608
-0.79276 -0.43911 0.42274
-0.88698 0.11074 0.44834
-0.31586 0.05569 -0.94717
-0.65976 -0.64781 -0.38086
-0.5319 -0.8401 0.10633
-0.48437 0.36537 0.79492
-0.30941 -0.71651 0.6252
-0.131 -0.93306 -0.33503
-0.28785 -0.52963 -0.79789
0.031675 -0.97001 0.24098
0.068899 -0.44177 0.89448
0.68594 -0.021063 -0.72735
0.47137 -0.87748 -0.08854
0.21301 -0.2813 -0.93568
0.83759 -0.51366 0.18599
0.29023 -0.72198 -0.62811
0.55189 0.37917 0.74273
